IOU: 0.7002028218945383
RECALL: 0.8991117562488293
ACCURACY: 0.9399854766656153