IOU: 0.4208867996094697
RECALL: 0.8216093834367799
ACCURACY: 0.9836108010912699