IOU: 0.5481295700184353
RECALL: 0.7000610790091805
ACCURACY: 0.9888959804502856